62895
96223
65794
100837
228884
106434
106434
75007
63800
93012
88831
65963
76361
156485
90829
90829
95858
64673
89842
101246
92230
82026
278389
158156
158156
163622
206236
124038
182534
144525
199284
143402
182777
97019
202543
89232
178510
115738
173845
114455
196225
66475
88770
106777
78247
94771
67548
87676
67167
86153
100653
134595
90705
115766
143729
205461
69319
69319
87366
186947
90714
140672
115136
170912
117562
180310
193269
244457
202196
214783
71585
63761
67965
111287
133971
160557
92560
92560
69961
69961
69166
69166
176913
176913
95161
95161
66222
62409
81460
102191
91198
91198
108553
138308
90124
91382
108055
79368
100413
66971
70118
79537
79916
98583
78651
75653
70346
88358
70071
71754
63369
68626
68626
94069
116030
117728
105734
144561
127102
127102
85574
98486
117193
117193
95753
124056
83283
83283
68476
63745
92568
111277
93918
81127
195613
160377
200209
139212
266835
74161
92090
163702
163702
177385
179284
393925
393925
93953
167053
153961
153961
193746
197147
384755
384755
63451
63946
68781
205631
238971
195943
195943
77534
77863
77807
77807
81304
107609
135881
161753
162779
177427
77571
77571
127754
141283
144001
134056
194444
176079
188094
65445
79961
102732
82939
107506
80683
99449
71227
95087
62956
66237
72948
73752
74546
89184
69263
83253
78282
105802
476681
721753
183830
673835
62559
62559
116959
202572
116956
136753
77124
111870
63985
63985
68728
216198
391585
308717
336458
240221
299749
217067
369681
256634
313642
202863
224000
536796
800929
630778
630778
178435
250132
98848
221949
185775
185775
63841
67300
73474
207107
76692
140110
74097
74097
208568
442309
357658
540524
196124
196124
84955
438175
418930
512001
206026
206026
198146
698231
531143
650255
63719
108496
208858
188427
188427
71029
76490
191303
191303
64522
65798
90159
265669
220298
273790
92700
137213
207485
207485
165079
313282
145761
262603
108083
169281
240706
830572
460025
715419
239816
672333
550562
550562
62622
63150
184253
599963
257757
486352
68485
69090
197705
652841
199199
459808
71289
71289
489474
823633
632063
784612
550243
550243
529992
749904
567860
567860
64573
65239
65225
65243
62447
66939
68538
62577
74623
84870
62190
66813
67447
77131
81655
99738
130599
173426
318532
442556
62344
71193
78456
74911
252647
94841
122080
173760
236539
195891
386574
63068
68490
80998
145043
265454
75013
96353
113231
64728
64728
93870
305382
279865
303596
394666
394666
95124
77516
251936
113212
113212
166453
301608
536139
536139
62217
93490
85476
243352
267750
81170
97827
130568
92386
203985
259066
290815
284977
284977
62840
89073
113617
150768
180800
71852
71852
217318
217318
332546
538608
68352
70174
69838
65552
70442
66488
69073
63890
64988
64988
64861
90659
127108
76513
98814
68992
111272
288760
