Simple list 
OTHER STATE + FEMALE    

55-60	60-70	70-80	80-90	90-100	100-150	150-200	>200
55390	    	70174					
57530	    						
59707	    						
56543	    						
58549	    						
55626	60411						
56972							
57247							
57922	61503						
59318							
59728							
56469	63761						
56469							
57798							
58167	61051						
57543							
58511							
56590	63451						
55919	63946						
55153			
57038	68781						
56023							
58935							
57256	58511						
56270	60681						
58436	62559						
55820	62559						
55217							
56534	60295						
55093	63841						
55225	67300						
56346							
55005	61753						
55390	63719						
57530							
59707	60460						
56543	64522						
58549	65798						
55153   62622
57038	63150 						
58935   68485
57256   69090
56270   64573
58436   65239
55820   62344
55217   63068
56534   68490
55093   62840
55225   68352
56346   60090
55005							
56023	    						
58167
57543	    						
56469
56469   						
59318
59728	    						
57247
57922	    						
55626
56972	    						
57798	    						
55919	    						
56590	    						
	    							    						
	    						
OS + Gender Nuetral    						
	    						
56064	56064						
58734	58734						
57466	57466						
57952	57952						
56427	56427						
58055	58055						
57878	57878						
56504	56504						
57541	57541						
58665	58665						
56103	56103							
